106467.txt   -1.49  -2.03 -12.88    0.0  -1.71   0.23  -1.46 low
107740.txt   -0.46  -1.58  -11.9    0.0   0.67   0.96  -0.07 low
129378.txt   -1.74  -2.02 -10.64    0.0  -0.86   0.06  -1.61 low
131324.txt   -0.05  -1.42 -11.96    0.0  -0.65  -0.94   0.24 low
136346.txt   -0.67  -2.05   -6.5    0.0  -6.39  -0.35   -1.3 low
14471.txt     1.95  -1.36 -10.44    0.0   1.01  -0.96   1.16 low
145666.txt   -1.64  -1.94 -13.76    0.0  -1.21   0.92  -1.46 low
156373.txt    0.31  -2.16 -13.41    0.0   0.55   -2.8  -1.92 low
157324.txt   -1.64   -1.8 -12.85    0.0   0.55   1.07   -1.0 low
162705.txt   -0.82  -1.79 -12.37    0.0  -1.01  -0.46  -0.69 low
167937.txt   -0.51  -1.25 -12.28    0.0   -0.2  -2.96   0.24 low
216219.txt   -0.82  -1.94 -12.85    0.0  -0.09   -0.8  -1.15 low
22249.txt      0.0  -1.57  -9.73    0.0   0.23   1.44   0.39 low
229796.txt    -0.2  -1.93  -7.64    0.0   0.05   0.12  -1.15 medium
229813.txt   -0.51  -1.55 -11.57    0.0   0.55   -0.3  -0.07 low
231566.txt   -1.84  -1.85 -11.02    0.0   0.55  -1.43  -1.46 low
236609.txt   -1.43   -1.4  -8.92    0.0   0.55   0.39   0.08 low
237519.txt   -1.13  -1.77  -9.82    0.0   0.55  -0.63  -0.38 low
242486.txt    0.77  -1.74 -11.76    0.0  -0.11   1.38  -0.07 low
243923.txt   -1.18  -2.14  -8.24    0.0  -8.55   -1.3  -1.77 low
315607.txt   -0.97  -1.89  -5.15    0.0   0.05  -1.51  -0.84 low
345396.txt   -0.61  -1.52  -10.4    0.0   0.45   0.97  -0.53 low
348018.txt   -0.41  -1.47 -12.03    0.0   0.58    1.6  -0.23 low
366908.txt   -1.95   -1.4 -11.55    0.0  -0.32  -2.81  -1.15 low
384115.txt   -1.08  -1.82 -13.11    0.0  -1.07   1.92   -1.0 low
397882.txt    0.36  -1.45 -10.71    0.0   0.24  -1.85    0.7 low
5105.txt      0.46  -2.05 -12.14    0.0   0.64  -0.29   -1.3 low
59730.txt    -0.61  -1.49 -11.74    0.0  -0.04   0.73  -0.23 low
81218.txt    -1.08  -1.72 -13.09    0.0   0.55   0.92   -1.0 low
92842.txt    -0.26  -1.27  -10.1    0.0    0.3   0.91   0.54 low
10215.txt    -0.87  -1.95 -11.07    0.0  -0.49   0.04   -1.0 low
18772.txt     2.05  -1.41  -9.32    0.0   1.02  -0.17   2.39 low
22597.txt      0.0  -1.68 -10.34    0.0   0.55  -0.63   0.24 low
23897.txt     -0.1  -1.71 -12.34    0.0   0.01  -0.36   0.39 low
23976.txt      0.1  -1.86 -11.83    0.0    0.5  -0.13  -0.38 low
25431.txt    -1.23  -2.04 -14.64    0.0   0.55   0.46  -1.46 low
26125.txt     0.67  -1.64 -12.03    0.0  -0.19   0.02    0.7 low
26917.txt     0.41  -1.69 -10.22    0.0   0.16   1.31   0.54 low
29693.txt     0.15  -1.73 -14.41    0.0  -0.01   1.52   0.08 low
29789.txt    -0.56  -1.54 -12.88    0.0   0.41  -0.11   0.08 low
30668.txt    -1.49   -1.9 -10.77    0.0  -0.12  -0.24  -0.69 low
35420.txt     0.67  -1.44  -9.47    0.0   0.59   0.98   1.01 low
36413.txt    -0.56  -1.99  -8.76    0.0  -0.04  -0.38   -1.0 low
38979.txt     0.31   -1.7  -10.3    0.0   0.16  -1.96   0.08 low
39030.txt     1.23  -1.22 -10.66    0.0   0.55   -0.9   1.78 low
43322.txt     2.51   -1.5 -12.86    0.0   0.36   0.29   1.47 low
44961.txt    -0.92  -1.94 -14.29    0.0  -0.26   -0.6  -0.84 low
46849.txt    -0.15   -1.8  -9.78    0.0  -0.72  -0.82  -0.23 low
48984.txt    -0.05  -1.76  -9.86    0.0  -0.17   0.35  -0.07 low
52674.txt    -0.31  -1.81  -7.35    0.0   0.55   0.58  -0.53 medium
54191.txt     0.67  -1.49  -9.72    0.0   0.81  -0.62   1.62 low
55857.txt      0.1  -1.62  -9.61    0.0  -0.16  -0.42   0.85 low
57433.txt     0.31  -1.79  -9.48    0.0   0.45   1.15  -0.07 low
60196.txt     0.67  -1.45 -11.73    0.0   0.88  -0.14   1.31 low
61450.txt     0.21  -1.72   -9.4    0.0   1.08   0.91   0.08 low
70027.txt    -0.15  -1.93  -9.09    0.0  -0.35  -0.58  -0.23 low
70644.txt      0.0  -1.69  -9.81    0.0   0.28  -0.81   0.39 low
70965.txt    -0.15  -1.82  -9.24    0.0  -0.94  -1.48  -0.53 low
73082.txt     1.03  -1.56 -10.71    0.0   0.22   -1.4   1.16 low
7965.txt      0.21  -1.67  -9.16    0.0   0.55   0.21  -0.07 low
110026.txt    0.62  -1.56  -9.02    0.0  -0.13   -0.7   1.01 low
11580.txt     0.56  -1.59 -11.89    0.0   0.29   0.41   0.85 low
116465.txt   -0.46  -1.61 -10.75    0.0    0.5   0.52   1.16 low
11717.txt     1.28  -1.69 -10.68    0.0   0.41   0.11   1.01 low
118490.txt    1.74  -1.62 -11.78    0.0   0.17   0.33   2.24 low
121238.txt    0.97  -1.66 -10.57    0.0  -1.11  -0.48   0.54 low
12533.txt      1.9  -1.83  -6.37    0.0   0.39   1.85   0.24 medium
125794.txt    0.41  -1.59 -11.19    0.0  -0.05   0.75   1.62 low
132028.txt    0.31  -1.66   -8.9    0.0  -0.23  -0.06   0.54 low
138102.txt    1.08  -1.66 -12.87    0.0   0.97  -0.13   1.01 low
14397.txt    -0.51  -1.77 -10.47    0.0  -0.32   1.04   0.24 low
22698.txt     1.49  -1.63  -1.37    0.0    0.4   0.45   1.78 medium
23062.txt     1.03  -1.85 -13.36    0.0   0.55   0.94  -0.23 low
30159.txt      0.0  -1.81 -11.91    0.0   0.02   1.37  -0.07 low
30584.txt     0.46  -1.69  -8.99    0.0  -0.25   0.55   1.01 low
32672.txt     0.97  -1.66  -8.57    0.0    0.4  -0.84   1.16 low
32900.txt     0.31  -1.79  -7.15    0.0   0.13   0.13  -0.23 low
33857.txt    -1.08   -2.0 -11.49    0.0  -1.06   1.13   -1.0 low
35984.txt    -0.92  -1.75  -9.06    0.0   -0.4   0.04   0.08 low
36239.txt    -0.56  -1.82 -10.21    0.0  -0.01  -0.25  -0.07 low
37662.txt     1.28  -1.82 -12.45    0.0   0.26   0.78   0.39 low
40863.txt     0.51  -1.77 -12.37    0.0   0.61   0.85   0.24 low
52054.txt     0.46  -1.85   -7.1    0.0  -0.06   -0.4  -0.38 low
66233.txt    -0.46  -1.74 -10.82    0.0   0.71   -0.7   0.24 low
68592.txt     1.13  -1.75 -11.19    0.0   0.57   0.05   1.62 low
71654.txt     1.03  -1.49  -9.88    0.0   0.14    0.2   1.78 low
78264.txt     0.36  -1.41  -9.76    0.0    0.3   0.79   1.62 low
84242.txt    -0.15  -1.61  -9.38    0.0    0.1   0.26   0.85 low
89896.txt     0.41  -1.57  -8.92    0.0   0.14   -0.0   0.85 low
93909.txt    -0.92  -1.98   -6.7    0.0  -0.65   0.72   -1.0 medium
